1 , 0.3324108123 , 34.525669097 , 4152 , 648 , 6 , 64
2 , 0.7735124826 , -1.913834571 , 6371 , 40 , 6 , 151
3 , 1.1021052599 , 31.472007751 , 4152 , 648 , 6 , 85
4 , 1.1406036615 , 28.30172348 , 4135 , 648 , 5 , 283
5 , 1.2724032402 , -7.093389987 , 6361 , 40 , 2 , 44
6 , 1.2759865522 , 6.9201469421 , 5636 , 40 , 2 , 130
7 , 1.307839632 , 6.7720293998 , 5598 , 40 , 2 , 124
8 , 1.8160843849 , 27.708082199 , 4135 , 648 , 6 , 288
9 , 2.4726083278 , 25.923831939 , 4836 , 40 , 6 , 381
10 , 2.8429074287 , 6.3893518447 , 5598 , 40 , 1 , 134
11 , 3.6327610015 , -0.737557172 , 3325 , 41 , 2 , 132
12 , 3.9637312889 , 16.089832305 , 1904 , 42 , 6 , 176
13 , 7.5304555892 , -11.11362934 , 1729 , 40 , 1 , 132
14 , 7.8496747016 , 8.4667310714 , 5656 , 40 , 6 , 67
15 , 7.8674521446 , -19.76145362 , 6413 , 40 , 2 , 105
16 , 7.8991155624 , -10.50639438 , 1740 , 40 , 2 , 74
17 , 8.4888448715 , 7.2682723999 , 5656 , 40 , 3 , 72
18 , 8.6670007705 , -10.76651287 , 1729 , 40 , 2 , 140
19 , 8.9145565033 , -20.12538146 , 6361 , 40 , 4 , 144
20 , 9.0171079635 , 23.95790863 , 4851 , 40 , 1 , 86
21 , 9.120513916 , -10.10616302 , 1740 , 40 , 3 , 82
22 , 9.2150344848 , 23.990972518 , 4851 , 40 , 1 , 87
23 , 9.3397998809 , -19.93422508 , 6361 , 40 , 5 , 144
24 , 9.3930683136 , -22.54923248 , 6413 , 40 , 2 , 126
25 , 9.4904279708 , 8.6351633071 , 5641 , 40 , 6 , 59
26 , 9.8058919906 , 0.8641579151 , 3325 , 41 , 6 , 173
27 , 10.363206863 , -21.04467391 , 6361 , 40 , 6 , 153
28 , 10.366825103 , 25.499376297 , 4836 , 40 , 5 , 428
29 , 10.391222953 , -10.02142906 , 1740 , 40 , 3 , 90
30 , 10.866005897 , -0.1249298 , 2662 , 40 , 3 , 355
31 , 10.884970665 , 14.342568397 , 1043 , 40 , 2 , 72
32 , 11.943479538 , -9.835050582 , 1729 , 40 , 4 , 161
33 , 12.006296157 , 8.2970695495 , 5656 , 40 , 6 , 95
34 , 14.177755355 , -9.913866043 , 1740 , 40 , 3 , 115
35 , 16.170125961 , -0.80274558 , 3325 , 41 , 2 , 216
36 , 18.239269256 , -0.344997078 , 3325 , 41 , 3 , 230
37 , 18.734485626 , 31.948501586 , 4800 , 648 , 6 , 134
38 , 18.906835556 , 33.067768096 , 4800 , 648 , 6 , 141
39 , 18.956508636 , 31.080623626 , 4800 , 648 , 5 , 128
40 , 18.965986251 , 33.810703277 , 4800 , 648 , 6 , 146
41 , 19.791782379 , 33.030624389 , 4800 , 648 , 4 , 142
42 , 20.335346221 , 40.488147735 , 4829 , 648 , 6 , 211
43 , 20.662204742 , 34.437126159 , 4800 , 648 , 3 , 152
44 , 20.797901153 , 33.460189819 , 4800 , 648 , 2 , 145
45 , 20.79831314 , 33.529273986 , 4800 , 648 , 2 , 146
46 , 20.866270065 , 33.204353332 , 4800 , 648 , 2 , 144
47 , 21.182523727 , 33.429592132 , 4829 , 648 , 2 , 165
48 , 21.336488723 , 34.024951934 , 4829 , 648 , 2 , 169
49 , 21.381032943 , 32.13627243 , 4829 , 648 , 1 , 156
50 , 21.389881134 , 33.671443939 , 4800 , 648 , 1 , 147
51 , 21.41783905 , 34.713024139 , 4829 , 648 , 2 , 173
52 , 21.919307708 , 37.182983398 , 4829 , 648 , 2 , 190
53 , 22.221889495 , 13.793798446 , 1043 , 40 , 2 , 145
54 , 22.244331359 , -0.94899857 , 2738 , 40 , 1 , 67
55 , 22.248184204 , -0.561941742 , 2738 , 40 , 2 , 67
56 , 23.323789596 , 13.332027435 , 1043 , 40 , 1 , 153
57 , 23.533210754 , -1.032286286 , 2738 , 40 , 1 , 75
58 , 26.604387283 , -8.636620521 , 1741 , 40 , 5 , 38
59 , 27.250267028 , 13.211107254 , 1035 , 40 , 2 , 142
60 , 27.293146133 , -10.06123733 , 1729 , 40 , 2 , 262
61 , 27.295166015 , -10.42647743 , 1729 , 40 , 1 , 262
62 , 27.298421859 , 12.853254318 , 1035 , 40 , 1 , 143
63 , 27.308584213 , 13.05534935 , 1043 , 40 , 1 , 179
64 , 27.630210876 , 6.1445250511 , 5065 , 40 , 2 , 58
65 , 28.248666763 , 12.708472251 , 1035 , 40 , 1 , 149
66 , 28.554733276 , 7.883649826 , 5065 , 40 , 6 , 63
67 , 28.734207153 , -9.010812759 , 1729 , 40 , 4 , 272
68 , 29.087442398 , 5.6289744377 , 5065 , 40 , 1 , 68
69 , 29.094415664 , -9.061386108 , 1729 , 40 , 4 , 274
70 , 29.290777206 , 14.549886703 , 1043 , 40 , 5 , 190
71 , 29.670566558 , 0.5292119979 , 3325 , 41 , 5 , 306
72 , 29.894702911 , 14.00820446 , 1043 , 40 , 4 , 195
73 , 29.97718811 , 23.644275665 , 4844 , 40 , 5 , 59
74 , 30.037345886 , 12.656106948 , 1043 , 40 , 1 , 197
75 , 30.202573776 , -9.002575874 , 1729 , 40 , 4 , 282
76 , 31.369009017 , 13.251629829 , 1035 , 40 , 3 , 169
77 , 32.134704589 , 6.3236665725 , 5065 , 40 , 3 , 88
78 , 32.336849212 , -10.13309383 , 1729 , 40 , 1 , 295
79 , 32.367866516 , -9.680315017 , 1729 , 40 , 2 , 296
80 , 32.46162033 , -7.762476921 , 1869 , 40 , 6 , 49
81 , 32.487083435 , 16.032585144 , 5934 , 648 , 5 , 31
82 , 33.315822601 , -7.661884307 , 1869 , 40 , 6 , 55
83 , 34.060089111 , 18.311040878 , 5934 , 648 , 4 , 49
84 , 34.134880065 , -11.34847927 , 6572 , 40 , 3 , 120
85 , 36.695083618 , 20.497493743 , 4843 , 40 , 1 , 171
86 , 36.88532257 , 25.668766021 , 5934 , 648 , 6 , 101
87 , 36.977905273 , 20.332494735 , 4843 , 40 , 1 , 173
88 , 37.092235565 , 23.214626312 , 5934 , 648 , 3 , 87
89 , 37.116184234 , -1.151459217 , 3325 , 41 , 1 , 356
90 , 37.139659881 , 20.283697128 , 4843 , 40 , 1 , 174
91 , 37.638114929 , -1.108411431 , 3325 , 41 , 1 , 359
92 , 38.165939331 , 28.070009231 , 5934 , 648 , 6 , 119
93 , 38.167385101 , 0.2600734233 , 2738 , 40 , 4 , 173
94 , 38.500110626 , 20.976745605 , 4843 , 40 , 3 , 181
95 , 38.886184692 , -7.154428005 , 1045 , 40 , 6 , 33
96 , 39.304107666 , 21.567584991 , 4843 , 40 , 5 , 185
97 , 39.715862274 , 27.847286224 , 5934 , 648 , 3 , 122
98 , 39.829975128 , 6.5440435409 , 5714 , 40 , 4 , 138
99 , 40.105140686 , -5.440452575 , 6572 , 40 , 4 , 176
100 , 40.701301574 , 28.574155807 , 5934 , 648 , 2 , 129
101 , 40.812793731 , 32.424915313 , 5934 , 648 , 6 , 152
102 , 40.842784881 , 4.9683432579 , 5065 , 40 , 1 , 146
103 , 41.290317535 , 32.989704132 , 5817 , 648 , 6 , 176
104 , 41.364864349 , 0.9143491983 , 3325 , 41 , 6 , 384
105 , 41.64868164 , 32.449386596 , 5817 , 648 , 5 , 173
106 , 41.778224945 , -2.972553014 , 7264 , 40 , 5 , 145
107 , 41.865970611 , -0.285132199 , 3325 , 41 , 3 , 387
108 , 42.067226409 , 34.419818878 , 5934 , 648 , 6 , 167
109 , 42.366455078 , -0.872991085 , 2738 , 40 , 1 , 201
110 , 42.473331451 , -1.003631114 , 2738 , 40 , 1 , 202
111 , 43.097480773 , -8.510415077 , 1045 , 40 , 2 , 60
112 , 43.215988159 , -1.274762153 , 6572 , 40 , 6 , 210
113 , 43.42173767 , 6.2655744552 , 5714 , 40 , 4 , 162
114 , 43.800937652 , -0.183562561 , 2738 , 40 , 3 , 211
115 , 43.988571167 , 0.6926050782 , 2738 , 40 , 5 , 212
116 , 43.989894866 , 6.4947829246 , 5714 , 40 , 5 , 166
117 , 44.589595794 , -2.041878461 , 7264 , 40 , 2 , 163
118 , 45.155937194 , 35.169147491 , 5817 , 648 , 2 , 199
119 , 45.426403045 , 35.205615997 , 5934 , 648 , 1 , 180
120 , 45.954620361 , -1.10374248 , 3325 , 41 , 1 , 415
121 , 46.71842575 , -0.794492363 , 3325 , 41 , 2 , 420
122 , 47.201347351 , -7.040610313 , 1045 , 40 , 4 , 88
123 , 48.438400268 , -0.241458624 , 3325 , 41 , 3 , 431
124 , 49.132671356 , -0.468142151 , 2738 , 40 , 2 , 246
125 , 50.178928375 , -1.108636975 , 3325 , 41 , 1 , 443
126 , 51.257015228 , -5.745795726 , 1045 , 40 , 6 , 116
127 , 52.864631652 , 4.380900383 , 5065 , 40 , 2 , 226
128 , 53.573925018 , -6.264996528 , 1045 , 40 , 4 , 130
129 , 54.663181304 , -5.347348213 , 1045 , 40 , 6 , 138
130 , 55.179103851 , -6.415158271 , 1729 , 40 , 4 , 448
131 , 64.309051513 , 4.781733036 , 6519 , 648 , 1 , 13
132 , 66.255470275 , 7.1709709167 , 6519 , 648 , 3 , 33
133 , 69.341049194 , 9.5446519851 , 6514 , 648 , 3 , 65
134 , 71.026664733 , -5.465670585 , 7178 , 648 , 4 , 19
135 , 71.331825256 , 11.067951202 , 6514 , 648 , 3 , 82
136 , 71.472434997 , -5.136723518 , 6708 , 648 , 5 , 55
137 , 71.624771118 , -4.788853168 , 7178 , 648 , 5 , 25
138 , 72.071182251 , -5.42760992 , 7178 , 648 , 3 , 25
139 , 72.136848449 , -6.570046901 , 6708 , 648 , 1 , 54
140 , 72.154922485 , -6.319982051 , 7178 , 648 , 1 , 23
141 , 72.191169738 , -5.124629974 , 6708 , 648 , 4 , 59
142 , 72.684486389 , -5.41839075 , 6708 , 648 , 3 , 61
143 , 72.717002868 , -4.892656326 , 6708 , 648 , 4 , 63
144 , 72.925666809 , -6.231544494 , 6708 , 648 , 1 , 60
145 , 73.352508544 , -4.792675018 , 7178 , 648 , 3 , 35
146 , 79.924522399 , 84.052619934 , 6075 , 648 , 6 , 16
147 , 100.9243164 , 65.206375122 , 5060 , 648 , 3 , 120
148 , 102.22501373 , 66.261634826 , 5060 , 648 , 5 , 125
149 , 109.0170288 , 64.711326599 , 4887 , 648 , 1 , 230
150 , 113.15727996 , 35.614479064 , 1350 , 40 , 2 , 31
151 , 113.7594223 , 32.822101593 , 1889 , 40 , 5 , 47
152 , 114.65211486 , 37.633510589 , 1350 , 40 , 2 , 47
153 , 115.30976104 , 27.61406517 , 2822 , 40 , 2 , 43
154 , 115.63676452 , 49.809661865 , 4264 , 40 , 5 , 92
155 , 116.03803253 , 29.247430801 , 2822 , 40 , 3 , 54
156 , 116.83457946 , 26.930196762 , 2740 , 40 , 2 , 65
157 , 117.07901001 , 34.332267761 , 2137 , 40 , 5 , 109
158 , 117.73355102 , 23.895914077 , 2888 , 40 , 2 , 50
159 , 118.84678649 , 26.741123199 , 2830 , 41 , 2 , 54
160 , 119.18827819 , 39.927890777 , 1331 , 40 , 2 , 90
161 , 119.29351806 , 23.779806137 , 3462 , 40 , 3 , 56
162 , 119.30730438 , 23.767766952 , 3462 , 40 , 3 , 56
163 , 119.48536682 , 25.160867691 , 3462 , 40 , 5 , 63
164 , 119.58526611 , 25.14921379 , 3462 , 40 , 5 , 63
165 , 119.80435943 , 32.914672851 , 2825 , 40 , 3 , 83
166 , 119.84256744 , 18.11018753 , 4508 , 40 , 4 , 45
167 , 119.91716003 , 15.38681221 , 5045 , 40 , 4 , 56
168 , 119.97682952 , 47.413101196 , 4208 , 40 , 1 , 102
169 , 120.08235931 , 26.701440811 , 2888 , 40 , 3 , 73
170 , 120.40503692 , 15.709736824 , 5045 , 40 , 4 , 60
171 , 120.60279846 , 9.4135532379 , 5935 , 40 , 5 , 27
172 , 120.67854309 , 40.678627014 , 1889 , 40 , 5 , 112
173 , 120.73971557 , 16.299312591 , 4569 , 40 , 2 , 56
174 , 120.85636138 , 10.050526619 , 5182 , 40 , 3 , 40
175 , 121.27250671 , 25.062583923 , 3530 , 42 , 2 , 24
176 , 121.27875518 , 66.783035278 , 5060 , 648 , 5 , 176
177 , 121.55601501 , 17.706577301 , 4569 , 40 , 4 , 65
178 , 121.82196044 , 8.8690576553 , 5849 , 40 , 2 , 34
179 , 121.98168945 , 17.818496704 , 4576 , 40 , 4 , 60
180 , 122.02553558 , 14.837745666 , 5061 , 40 , 4 , 52
181 , 122.19095611 , 18.194210052 , 4569 , 40 , 4 , 70
182 , 122.69914245 , 46.912277221 , 1350 , 40 , 2 , 121
183 , 123.19353485 , 26.361776351 , 3462 , 40 , 2 , 85
184 , 123.24135589 , 36.254631042 , 2825 , 40 , 3 , 112
185 , 123.63893127 , 54.799564361 , 4264 , 40 , 1 , 137
186 , 123.9962387 , 23.199617385 , 3644 , 41 , 2 , 90
187 , 124.35749816 , 21.685485839 , 4469 , 40 , 2 , 87
188 , 124.39582824 , 20.90306282 , 4517 , 40 , 4 , 87
189 , 124.47294616 , 23.472183227 , 3635 , 41 , 2 , 89
190 , 124.76158905 , 83.266464233 , 5960 , 648 , 3 , 191
191 , 124.80316925 , 20.510726928 , 4508 , 40 , 3 , 80
192 , 124.95125579 , 22.031446456 , 4469 , 40 , 2 , 91
193 , 125.08287048 , 66.982055664 , 5060 , 648 , 6 , 186
194 , 125.35262298 , 19.147777557 , 4576 , 40 , 3 , 83
195 , 125.68102264 , 22.553068161 , 4469 , 40 , 2 , 97
196 , 125.79684448 , 22.664649963 , 4469 , 40 , 2 , 98
197 , 125.92267608 , 21.434879303 , 4517 , 40 , 3 , 97
198 , 126.0068283 , 21.027170181 , 4517 , 40 , 2 , 96
199 , 126.43540954 , 27.874568939 , 3606 , 40 , 4 , 17
200 , 126.63701629 , 23.192754745 , 4469 , 40 , 2 , 104
201 , 126.78354644 , 25.970315933 , 3635 , 41 , 4 , 110
202 , 126.81996917 , 22.877576828 , 4517 , 40 , 5 , 107
203 , 126.86048889 , 17.28407669 , 5071 , 40 , 4 , 85
204 , 126.9250946 , 21.479101181 , 4517 , 40 , 2 , 103
205 , 127.05992889 , 28.057312011 , 3560 , 40 , 4 , 130
206 , 127.51050567 , 21.488649368 , 4569 , 40 , 5 , 110
207 , 128.25083923 , 26.014030456 , 3644 , 41 , 2 , 122
208 , 128.34446716 , 52.532268524 , 1350 , 40 , 3 , 165
209 , 128.34640502 , 29.538808822 , 3560 , 40 , 5 , 142
210 , 128.37818908 , 41.525466918 , 2825 , 40 , 5 , 156
211 , 129.04859924 , 50.418994903 , 1331 , 40 , 4 , 174
212 , 129.36758422 , 24.946716308 , 3900 , 41 , 3 , 51
213 , 129.60003662 , 25.75453186 , 4469 , 40 , 4 , 129
214 , 130.03945922 , 52.455989837 , 1331 , 40 , 6 , 187
215 , 130.42190551 , 18.859926223 , 5071 , 40 , 4 , 110
216 , 130.60736084 , 37.221038818 , 2830 , 41 , 4 , 151
217 , 130.7814331 , 18.222604751 , 5061 , 40 , 3 , 113
218 , 130.81634521 , 13.085799217 , 5182 , 40 , 2 , 108
219 , 130.90861511 , 50.205539703 , 1345 , 41 , 1 , 153
220 , 130.96388244 , 51.991195678 , 1345 , 41 , 4 , 162
221 , 131.0246582 , 49.793865203 , 2074 , 41 , 6 , 95
222 , 131.03170776 , 30.11913681 , 3560 , 40 , 3 , 157
223 , 131.70495605 , 28.171314239 , 3644 , 41 , 2 , 147
224 , 131.8447113 , 49.55878067 , 1895 , 41 , 4 , 178
225 , 132.03811645 , 17.611467361 , 5080 , 41 , 4 , 126
226 , 133.66889953 , 47.104885101 , 2137 , 40 , 3 , 228
227 , 134.24171447 , 52.065948486 , 1331 , 40 , 1 , 197
228 , 134.2469635 , 51.347427368 , 2074 , 41 , 5 , 112
229 , 134.95172119 , 55.706233978 , 1450 , 40 , 1 , 98
230 , 135.0654602 , 35.727630615 , 3462 , 40 , 5 , 177
231 , 135.10054016 , 25.614744186 , 4518 , 40 , 2 , 51
232 , 135.56593322 , 16.83828926 , 5125 , 41 , 3 , 50
233 , 135.66108703 , 25.9345932 , 4518 , 40 , 2 , 55
234 , 136.00190734 , 21.967611312 , 5038 , 40 , 2 , 66
235 , 136.14103698 , 45.292213439 , 2863 , 40 , 2 , 94
236 , 136.5012207 , 18.764570236 , 5080 , 41 , 3 , 155
237 , 136.81687927 , 37.215370178 , 3462 , 40 , 6 , 190
238 , 137.07276916 , 21.443340301 , 5071 , 40 , 4 , 155
239 , 137.33100891 , 54.911949157 , 1331 , 40 , 3 , 219
240 , 137.49198913 , 62.247356414 , 4208 , 40 , 4 , 221
241 , 137.63401794 , 50.4332695 , 2137 , 40 , 5 , 256
242 , 138.06051635 , 44.954853057 , 2740 , 40 , 5 , 230
243 , 138.10154724 , 35.027534484 , 3560 , 40 , 5 , 208
244 , 138.10777282 , 9.9555158615 , 3631 , 40 , 3 , 145
245 , 138.35784912 , 52.981311798 , 2074 , 41 , 4 , 132
246 , 138.41445922 , 29.992956161 , 3900 , 41 , 4 , 114
247 , 138.64602661 , 30.141563415 , 3900 , 41 , 4 , 116
248 , 139.00744628 , 17.589820861 , 5137 , 40 , 3 , 173
249 , 139.0163269 , 17.628368377 , 5137 , 40 , 3 , 173
250 , 139.17437744 , 30.91540718 , 3900 , 41 , 5 , 121
251 , 139.27200317 , 25.429164886 , 4569 , 40 , 2 , 186
252 , 139.41630554 , 52.992916107 , 2074 , 41 , 3 , 135
253 , 139.64672851 , 52.514438629 , 2074 , 41 , 2 , 134
254 , 139.64840698 , 34.553218841 , 3606 , 40 , 2 , 105
255 , 139.69815063 , 27.956274032 , 4508 , 40 , 3 , 183
256 , 139.79481506 , 20.242956161 , 5080 , 41 , 4 , 178
257 , 139.85069274 , 33.624000549 , 3647 , 41 , 5 , 25
258 , 139.94526672 , 33.749744415 , 3647 , 41 , 5 , 26
259 , 139.99177551 , 37.191261291 , 3462 , 40 , 3 , 204
260 , 140.08493042 , 64.102973938 , 4204 , 40 , 6 , 234
261 , 140.26101684 , 49.602287292 , 2137 , 40 , 1 , 261
262 , 140.43984985 , 39.524795532 , 2887 , 40 , 2 , 213
263 , 140.76287841 , 44.554943084 , 2777 , 40 , 1 , 223
264 , 141.01177978 , 49.20380783 , 2831 , 40 , 5 , 31
265 , 141.2217102 , 41.060184478 , 2964 , 40 , 4 , 112
266 , 141.42723083 , 11.43214035 , 3631 , 40 , 5 , 168
267 , 141.44818115 , 11.42821598 , 3631 , 40 , 5 , 168
268 , 141.50621032 , 34.653446197 , 3704 , 40 , 6 , 72
269 , 141.64932251 , 7.9544472694 , 3478 , 40 , 5 , 169
270 , 142.15646362 , 38.539218902 , 3530 , 42 , 3 , 172
271 , 142.37603759 , 7.7188138961 , 3478 , 40 , 4 , 174
272 , 142.39402771 , 62.490570068 , 4208 , 40 , 1 , 233
273 , 142.53819274 , 20.090845108 , 5112 , 40 , 1 , 218
274 , 142.54307556 , 7.9027509689 , 3031 , 40 , 5 , 151
275 , 143.02590942 , 8.4417686462 , 3630 , 40 , 1 , 177
276 , 143.69799804 , 10.283711433 , 3630 , 40 , 5 , 183
277 , 143.74000549 , 21.70526123 , 5112 , 40 , 4 , 229
278 , 143.85949707 , 29.81262207 , 4518 , 40 , 3 , 110
279 , 143.93350219 , 31.705465316 , 4469 , 40 , 2 , 221
280 , 144.21897888 , 66.78829956 , 4264 , 40 , 2 , 240
281 , 144.23783874 , 66.548667907 , 4294 , 40 , 2 , 215
282 , 144.31330871 , 23.590608596 , 5071 , 40 , 3 , 202
283 , 144.37429809 , 23.161609649 , 5071 , 40 , 2 , 201
284 , 144.53288269 , 9.5239114761 , 3630 , 40 , 3 , 188
285 , 144.63694763 , 17.031297683 , 5183 , 40 , 2 , 93
286 , 144.7831726 , 34.006324768 , 3647 , 41 , 1 , 50
287 , 144.89469909 , 48.421943664 , 2777 , 40 , 5 , 253
288 , 145.10037231 , 14.922616958 , 5935 , 40 , 2 , 191
289 , 145.20800781 , 11.55414772 , 4344 , 40 , 3 , 43
290 , 145.24224853 , 47.620449066 , 2777 , 40 , 3 , 251
291 , 145.31925964 , 35.882255554 , 3704 , 40 , 5 , 94
292 , 145.80001831 , 31.928699493 , 4469 , 40 , 1 , 232
293 , 145.82980346 , 36.247817993 , 3647 , 41 , 5 , 62
294 , 146.28736877 , 68.594573974 , 4294 , 40 , 5 , 227
295 , 146.3099823 , 9.110338211 , 3538 , 40 , 2 , 190
296 , 146.96014404 , 15.852041244 , 5312 , 40 , 3 , 99
297 , 147.19906616 , 64.166908264 , 4208 , 40 , 1 , 252
298 , 147.47029113 , 9.0957622528 , 3630 , 40 , 1 , 206
299 , 147.73812866 , 33.553623199 , 4469 , 40 , 3 , 246
300 , 148.56082153 , 37.298858642 , 3647 , 41 , 5 , 78
301 , 148.5740509 , 23.287481308 , 5080 , 41 , 5 , 236
302 , 148.89004516 , 16.432855606 , 5935 , 40 , 4 , 217
303 , 149.06173706 , 59.307167053 , 1331 , 40 , 2 , 270
304 , 149.0798645 , 16.831192016 , 5312 , 40 , 4 , 113
305 , 149.52893066 , 10.359776496 , 3538 , 40 , 4 , 212
306 , 149.69639587 , 11.388699531 , 4344 , 40 , 1 , 72
307 , 149.7151947 , 19.214977264 , 5194 , 40 , 5 , 243
308 , 149.73449707 , 14.418780326 , 6004 , 40 , 3 , 226
309 , 150.41868591 , 10.756427764 , 3630 , 40 , 4 , 227
310 , 150.42149353 , 37.247692108 , 3704 , 40 , 4 , 123
311 , 151.0218811 , 31.185459137 , 4576 , 40 , 6 , 257
312 , 151.41462707 , 80.286674499 , 6118 , 40 , 2 , 53
313 , 152.46438598 , 30.320871353 , 4576 , 40 , 3 , 263
314 , 153.01524353 , 23.085441589 , 5080 , 41 , 2 , 262
315 , 153.07348632 , 27.862064361 , 4632 , 40 , 2 , 82
316 , 153.20236206 , 43.1455307 , 3530 , 42 , 4 , 236
317 , 153.21046447 , 12.666586875 , 4344 , 40 , 3 , 96
318 , 153.46049499 , 38.764896392 , 3647 , 41 , 5 , 106
319 , 153.47964477 , 38.842926025 , 3647 , 41 , 5 , 106
320 , 153.75180053 , 65.139923095 , 1350 , 40 , 6 , 285
321 , 153.76618957 , 21.174180984 , 5140 , 40 , 2 , 19
322 , 154.48835754 , 41.114303588 , 3813 , 41 , 4 , 77
323 , 154.88763427 , 58.205730438 , 1896 , 41 , 2 , 65
324 , 155.16007995 , 25.50506401 , 5061 , 40 , 1 , 271
325 , 155.46908569 , 23.860830307 , 5112 , 40 , 2 , 302
326 , 155.5583496 , 20.589410781 , 5183 , 40 , 5 , 166
327 , 155.66969299 , 46.238677978 , 2887 , 40 , 4 , 299
328 , 155.9331665 , 12.567760467 , 4344 , 40 , 2 , 113
329 , 156.42433166 , 11.739118576 , 3836 , 41 , 5 , 54
330 , 156.43040466 , 39.646373748 , 3647 , 41 , 5 , 122
331 , 156.71582031 , 41.88860321 , 3818 , 41 , 5 , 31
332 , 157.32014465 , 26.099229812 , 5071 , 40 , 1 , 282
333 , 157.35841369 , 60.295555114 , 1895 , 41 , 5 , 298
334 , 157.44493103 , 13.018168449 , 3631 , 40 , 3 , 273
335 , 157.45700073 , 39.012573242 , 3647 , 41 , 3 , 126
336 , 157.91204834 , 25.983913421 , 5112 , 40 , 6 , 320
337 , 158.34516906 , 64.501625061 , 1412 , 40 , 2 , 95
338 , 159.08879089 , 13.711483001 , 3631 , 40 , 4 , 284
339 , 159.1601715 , 14.171104431 , 3631 , 40 , 5 , 285
340 , 159.25036621 , 18.135887146 , 5312 , 40 , 3 , 179
341 , 159.33058166 , 43.587589263 , 3530 , 42 , 1 , 265
342 , 159.40795898 , 37.45563507 , 4469 , 40 , 4 , 314
343 , 159.9020996 , 47.397914886 , 3059 , 42 , 4 , 41
344 , 160.11822509 , 9.1825456619 , 3031 , 40 , 4 , 267
345 , 160.37997436 , 37.312843322 , 4469 , 40 , 3 , 319
346 , 160.87139892 , 80.891143798 , 6103 , 40 , 6 , 60
347 , 161.06221008 , 22.371183395 , 5137 , 40 , 2 , 315
348 , 161.15394592 , 26.181686401 , 5112 , 40 , 5 , 339
349 , 161.26168823 , 43.704734802 , 3813 , 41 , 6 , 114
350 , 161.28939819 , 22.078487396 , 5140 , 40 , 1 , 66
351 , 161.91403198 , 26.294818878 , 5112 , 40 , 5 , 344
352 , 162.03384399 , 18.188688278 , 5313 , 40 , 3 , 21
353 , 162.10340881 , 34.711410522 , 4504 , 40 , 2 , 47
354 , 162.30055236 , 22.015975952 , 5183 , 40 , 6 , 209
355 , 162.45823669 , 32.980098724 , 4576 , 40 , 4 , 323
356 , 162.79478454 , 20.170433044 , 5194 , 40 , 2 , 325
357 , 162.83305358 , 14.023438453 , 3631 , 40 , 4 , 308
358 , 162.92395019 , 18.480821609 , 5312 , 40 , 3 , 202
359 , 162.92747497 , 43.712623596 , 3818 , 41 , 6 , 64
360 , 162.93179321 , 51.022163391 , 2830 , 41 , 5 , 329
361 , 163.15974426 , 34.483139038 , 4504 , 40 , 1 , 52
362 , 163.45619201 , 57.118659973 , 2987 , 40 , 1 , 75
363 , 163.83772277 , 7.6967520713 , 3015 , 40 , 5 , 332
364 , 163.98025512 , 36.861518859 , 3900 , 41 , 1 , 263
365 , 164.37986755 , 40.946151733 , 3893 , 41 , 4 , 72
366 , 164.65652465 , 9.0504512786 , 3031 , 40 , 3 , 297
367 , 164.69029235 , 25.14093399 , 5112 , 40 , 1 , 359
368 , 164.78749084 , 61.530670166 , 1896 , 41 , 5 , 104
369 , 165.34837341 , 57.677639007 , 2243 , 40 , 2 , 268
370 , 165.4623413 , 16.606945037 , 5360 , 40 , 4 , 130
371 , 165.54664611 , 45.88898468 , 3698 , 41 , 4 , 80
372 , 166.15293884 , 45.985279083 , 3698 , 41 , 4 , 83
373 , 166.49200439 , 36.407115936 , 4504 , 40 , 4 , 73
374 , 166.85284423 , 21.657081604 , 5194 , 40 , 4 , 351
375 , 167.31700134 , 36.021083831 , 4504 , 40 , 3 , 77
376 , 167.46565246 , 62.291835784 , 1896 , 41 , 6 , 114
377 , 167.47689819 , 24.256925582 , 5140 , 40 , 4 , 106
378 , 167.48309326 , 10.720836639 , 3525 , 40 , 6 , 85
379 , 167.73522949 , 61.347026825 , 2298 , 41 , 3 , 74
380 , 167.73828125 , 19.182756424 , 5313 , 40 , 4 , 58
381 , 167.77650451 , 43.633003234 , 3813 , 41 , 3 , 144
382 , 167.80496215 , 28.696403503 , 5071 , 40 , 3 , 347
383 , 168.48452758 , 65.177551269 , 2189 , 40 , 6 , 52
384 , 168.48539733 , 12.301074981 , 3836 , 41 , 4 , 133
385 , 168.71354675 , 35.502262115 , 4504 , 40 , 1 , 83
386 , 169.50080871 , 7.8448886871 , 3841 , 41 , 5 , 32
387 , 169.52772522 , 23.397321701 , 5224 , 40 , 2 , 113
388 , 169.58888244 , 45.748168945 , 3698 , 41 , 2 , 98
389 , 169.60528564 , 58.786251068 , 2243 , 40 , 3 , 284
390 , 169.81922912 , 20.813549041 , 5183 , 40 , 1 , 254
391 , 169.83981323 , 57.757808685 , 2826 , 40 , 6 , 241
392 , 169.91419982 , 24.929544448 , 5140 , 40 , 5 , 121
393 , 170.13055419 , 57.781406402 , 2826 , 40 , 6 , 242
394 , 170.13252258 , 26.963356018 , 5112 , 40 , 4 , 393
395 , 170.16630554 , 31.221971511 , 4623 , 40 , 3 , 86
396 , 170.25129699 , 24.303350448 , 5224 , 40 , 4 , 118
397 , 170.50938415 , 50.593723297 , 2883 , 40 , 1 , 140
398 , 170.51086425 , 42.819263458 , 3893 , 41 , 6 , 104
399 , 170.56143188 , 20.208433151 , 5225 , 41 , 5 , 45
400 , 170.57455444 , 59.074516296 , 2987 , 40 , 3 , 103
401 , 170.57731628 , 13.065052986 , 3804 , 41 , 6 , 88
402 , 170.63128662 , 39.876876831 , 4469 , 40 , 5 , 375
403 , 170.64746093 , 20.703920364 , 5194 , 40 , 1 , 374
404 , 170.66261291 , 37.765106201 , 4504 , 40 , 6 , 96
405 , 170.75878906 , 34.497695922 , 4550 , 40 , 4 , 92
406 , 170.911026 , 53.842128753 , 3103 , 40 , 3 , 101
407 , 171.02140808 , 24.615436554 , 5140 , 40 , 4 , 128
408 , 171.37687683 , 63.446300506 , 2189 , 40 , 1 , 58
409 , 171.3825531 , 38.060577392 , 3900 , 41 , 1 , 303
410 , 171.61083984 , 57.048355102 , 2826 , 40 , 4 , 246
411 , 171.84129333 , 40.013053894 , 4469 , 40 , 5 , 381
412 , 171.88269043 , 56.877048492 , 3712 , 40 , 4 , 41
413 , 171.92166137 , 66.589851379 , 1350 , 40 , 3 , 335
414 , 172.0025177 , 29.511051178 , 5061 , 40 , 4 , 374
415 , 172.20988464 , 20.795013427 , 5194 , 40 , 1 , 384
416 , 172.29898071 , 57.132339477 , 2826 , 40 , 4 , 249
417 , 172.78897094 , 28.566461563 , 5071 , 40 , 1 , 375
418 , 173.13442993 , 74.627326965 , 6103 , 40 , 4 , 104
419 , 173.16461181 , 35.328388214 , 4576 , 40 , 6 , 384
420 , 173.31575012 , 24.446886062 , 5116 , 40 , 3 , 31
421 , 173.41888427 , 61.888027191 , 2298 , 41 , 3 , 92
422 , 173.43357849 , 32.633659362 , 4632 , 40 , 5 , 203
423 , 174.3063507 , 15.43252182 , 4344 , 40 , 5 , 234
424 , 174.34928894 , 61.759368896 , 1896 , 41 , 3 , 134
425 , 174.45196533 , 22.691284179 , 5194 , 40 , 5 , 399
426 , 174.47413635 , 21.981195449 , 5183 , 40 , 3 , 284
427 , 174.82345581 , 9.9623966217 , 3031 , 40 , 4 , 364
428 , 174.84317016 , 56.270664215 , 3712 , 40 , 2 , 51
429 , 174.926651 , 31.906028747 , 4632 , 40 , 3 , 211
430 , 175.05624389 , 15.342328071 , 3631 , 40 , 5 , 388
431 , 175.05807495 , 24.697063446 , 5224 , 40 , 4 , 147
432 , 175.070755 , 17.727888107 , 5360 , 40 , 5 , 192
433 , 175.17366027 , 20.342947006 , 5313 , 40 , 5 , 105
434 , 175.28216552 , 24.821834564 , 5224 , 40 , 4 , 149
435 , 175.31689453 , 59.88576889 , 5408 , 40 , 4 , 129
436 , 175.31929016 , 47.690811157 , 3698 , 41 , 5 , 126
437 , 175.41371154 , 24.800498962 , 5224 , 40 , 4 , 149
438 , 175.41555786 , 15.965712547 , 4381 , 40 , 6 , 33
439 , 175.45014953 , 20.103713989 , 5225 , 41 , 4 , 75
440 , 175.59887695 , 10.264141082 , 3525 , 40 , 4 , 138
441 , 175.7176361 , 26.540700912 , 5087 , 40 , 2 , 160
442 , 175.85231018 , 19.749818801 , 5225 , 41 , 3 , 78
443 , 175.88098144 , 22.725435257 , 5194 , 40 , 5 , 407
444 , 175.95446777 , 19.968465805 , 5313 , 40 , 4 , 110
445 , 176.00898742 , 19.949823379 , 5313 , 40 , 4 , 110
446 , 176.11802673 , 16.558105468 , 5360 , 40 , 2 , 198
447 , 176.2709198 , 19.606348037 , 5225 , 41 , 3 , 80
448 , 176.37339782 , 19.400165557 , 5313 , 40 , 3 , 112
449 , 176.43983459 , 10.824595451 , 3031 , 40 , 6 , 375
450 , 176.45437622 , 13.766679763 , 3631 , 40 , 1 , 396
451 , 176.55075073 , 20.391656875 , 5313 , 40 , 5 , 114
452 , 176.69654846 , 20.675415039 , 5313 , 40 , 6 , 115
453 , 176.77331543 , 19.837181091 , 5313 , 40 , 4 , 115
454 , 176.77647399 , 13.706813812 , 3631 , 40 , 1 , 398
455 , 176.89324951 , 55.967224121 , 2821 , 40 , 6 , 172
456 , 177.01399231 , 30.359331131 , 5061 , 40 , 5 , 403
457 , 177.04719543 , 54.991790771 , 2821 , 40 , 4 , 172
458 , 177.24775695 , 35.016052246 , 4552 , 40 , 4 , 58
459 , 177.34837341 , 26.741563797 , 5112 , 40 , 2 , 436
460 , 177.34973144 , 16.641885757 , 5360 , 40 , 2 , 206
461 , 177.49710083 , 21.33363533 , 5183 , 40 , 1 , 302
462 , 177.51855468 , 26.47923088 , 5087 , 40 , 2 , 171
463 , 177.71269226 , 55.143634796 , 2821 , 40 , 4 , 175
464 , 177.77864074 , 55.078742981 , 2821 , 40 , 4 , 175
465 , 178.15072631 , 13.468024253 , 3836 , 41 , 6 , 196
466 , 178.17755127 , 20.631298065 , 5225 , 41 , 5 , 93
467 , 178.27117919 , 26.206933975 , 5087 , 40 , 1 , 175
468 , 178.33467102 , 20.751708984 , 5314 , 40 , 6 , 14
469 , 178.46278381 , 33.364902496 , 4623 , 40 , 6 , 134
470 , 178.6402893 , 58.367061615 , 3712 , 40 , 6 , 67
471 , 178.81974792 , 17.487573623 , 5360 , 40 , 4 , 216
472 , 178.86958313 , 11.968361854 , 3836 , 41 , 2 , 201
473 , 178.94433593 , 29.941440582 , 5061 , 40 , 4 , 414
474 , 179.3384552 , 25.19477272 , 5116 , 40 , 4 , 68
475 , 179.3789978 , 32.337024688 , 4599 , 40 , 3 , 69
476 , 179.40361022 , 32.277618408 , 4599 , 40 , 3 , 69
477 , 179.40757751 , 25.240591049 , 5116 , 40 , 4 , 68
478 , 179.43373107 , 32.294067382 , 4599 , 40 , 3 , 70
479 , 179.49597168 , 23.12489891 , 5183 , 40 , 5 , 315
480 , 179.49705505 , 23.202041626 , 5183 , 40 , 5 , 315
481 , 179.57092285 , 28.192474365 , 5112 , 40 , 5 , 449
482 , 179.61470031 , 10.021500587 , 3031 , 40 , 4 , 396
483 , 179.66984558 , 25.316339492 , 5116 , 40 , 4 , 70
484 , 179.67749023 , 25.036619186 , 5224 , 40 , 4 , 175
485 , 179.6902771 , 27.452436447 , 5087 , 40 , 4 , 184
486 , 180.5131073 , 29.847982406 , 5071 , 40 , 3 , 421
487 , 180.59381103 , 29.861764907 , 5071 , 40 , 3 , 421
488 , 180.59989929 , 14.843649864 , 4381 , 40 , 3 , 66
489 , 180.71118164 , 48.636199951 , 3530 , 42 , 6 , 368
490 , 180.83976745 , 29.419811248 , 5071 , 40 , 2 , 423
491 , 180.95701599 , 29.715456008 , 5061 , 40 , 3 , 426
492 , 180.97375488 , 25.433820724 , 5224 , 40 , 5 , 183
493 , 181.04707336 , 20.409835815 , 5314 , 40 , 5 , 31
494 , 181.19847106 , 10.595624923 , 3031 , 40 , 5 , 406
495 , 181.38392639 , 51.50458908 , 2883 , 40 , 1 , 186
496 , 181.68531799 , 17.715356826 , 5381 , 40 , 4 , 181
497 , 182.19703674 , 29.304769516 , 5061 , 40 , 2 , 433
498 , 182.29170227 , 29.176904678 , 5061 , 40 , 2 , 433
499 , 182.41467285 , 23.289419174 , 5183 , 40 , 5 , 333
500 , 182.46243286 , 38.218624115 , 4504 , 40 , 5 , 158
501 , 182.5331726 , 35.877605438 , 4576 , 40 , 6 , 435
502 , 182.63687133 , 58.304134368 , 2826 , 40 , 5 , 286
503 , 182.69035339 , 19.040840148 , 5225 , 41 , 1 , 121
504 , 182.72315979 , 66.924041748 , 1412 , 40 , 2 , 163
505 , 182.74145507 , 63.914375305 , 2078 , 40 , 1 , 96
506 , 182.79234314 , 20.175670623 , 5314 , 40 , 4 , 42
507 , 182.94841003 , 12.143712997 , 3804 , 41 , 3 , 168
508 , 182.96871948 , 24.123609542 , 5116 , 40 , 1 , 90
509 , 183.07194519 , 13.205198288 , 3836 , 41 , 5 , 228
510 , 183.07824707 , 29.179403305 , 5061 , 40 , 2 , 438
511 , 183.12802124 , 29.168561935 , 5061 , 40 , 2 , 438
512 , 183.13468933 , 12.123809814 , 3804 , 41 , 3 , 169
513 , 183.26268005 , 7.0389304161 , 3842 , 41 , 2 , 15
514 , 183.28279113 , 12.918218612 , 3804 , 41 , 5 , 170
515 , 183.34246826 , 28.510963439 , 5087 , 40 , 6 , 206
516 , 183.46000671 , 7.2008953094 , 3841 , 41 , 3 , 124
517 , 183.68428039 , 12.180757522 , 3804 , 41 , 3 , 173
518 , 183.81600952 , 65.985321044 , 2078 , 40 , 6 , 99
519 , 183.89349365 , 21.832689285 , 5194 , 40 , 2 , 457
520 , 183.90550231 , 28.169624328 , 5115 , 40 , 5 , 85
521 , 183.90652465 , 23.981866836 , 5116 , 40 , 1 , 95
522 , 183.99685668 , 27.442197799 , 5115 , 40 , 3 , 86
523 , 184.14039611 , 33.522060394 , 4623 , 40 , 6 , 166
524 , 184.23257446 , 63.409927368 , 1896 , 41 , 6 , 165
525 , 184.28199768 , 7.6243944168 , 3841 , 41 , 4 , 130
526 , 184.28865051 , 12.454026222 , 3836 , 41 , 3 , 236
527 , 184.67947387 , 65.898262023 , 2078 , 40 , 6 , 102
528 , 184.76300048 , 8.8561534881 , 3031 , 40 , 1 , 430
529 , 184.80093383 , 49.35464859 , 3059 , 42 , 2 , 152
530 , 184.88372802 , 49.815723419 , 2964 , 40 , 3 , 321
531 , 184.94850158 , 30.339082717 , 5071 , 40 , 4 , 447
532 , 185.05255127 , 58.092884063 , 3712 , 40 , 5 , 89
533 , 185.19799804 , 58.092510223 , 3712 , 40 , 5 , 90
534 , 185.41322326 , 40.848930358 , 3900 , 41 , 6 , 377
535 , 185.44010925 , 25.884653091 , 5224 , 40 , 6 , 210
536 , 185.51499939 , 12.740924835 , 3836 , 41 , 4 , 244
537 , 185.5171051 , 12.787484169 , 3836 , 41 , 4 , 244
538 , 186.00624084 , 12.204772949 , 3804 , 41 , 3 , 188
539 , 186.02093505 , 11.218067169 , 3525 , 40 , 6 , 206
540 , 186.27073669 , 25.957551956 , 5224 , 40 , 6 , 215
541 , 186.31040954 , 11.849600791 , 3804 , 41 , 2 , 190
542 , 186.3563385 , 16.470121383 , 5390 , 40 , 1 , 87
543 , 186.52975463 , 16.180994033 , 4381 , 40 , 6 , 105
544 , 186.95974731 , 26.993526458 , 5115 , 40 , 2 , 103
545 , 187.12329101 , 17.085006713 , 5360 , 40 , 3 , 269
546 , 187.18022155 , 14.999508857 , 3631 , 40 , 4 , 466
547 , 187.35968017 , 16.404739379 , 5360 , 40 , 1 , 270
548 , 187.40740966 , 7.8242025375 , 3842 , 41 , 4 , 42
549 , 187.44821167 , 27.243333816 , 5087 , 40 , 3 , 230
550 , 187.47309875 , 14.068576812 , 4381 , 40 , 1 , 111
551 , 187.49617004 , 12.348650932 , 3836 , 41 , 3 , 257
552 , 187.84230041 , 57.964576721 , 3712 , 40 , 5 , 99
553 , 187.84533691 , 29.136480331 , 4649 , 40 , 2 , 42
554 , 187.90725708 , 14.85978508 , 4381 , 40 , 3 , 114
555 , 187.97824096 , 15.124111175 , 3631 , 40 , 4 , 471
556 , 188.48608398 , 15.354812622 , 4381 , 40 , 4 , 117
557 , 188.64225769 , 63.525077819 , 2304 , 41 , 6 , 208
558 , 188.67547607 , 49.324607849 , 2964 , 40 , 2 , 338
559 , 188.92163085 , 26.523080825 , 5115 , 40 , 1 , 115
560 , 188.94107055 , 26.908887863 , 5115 , 40 , 2 , 115
561 , 189.2224121 , 7.2465891838 , 3841 , 41 , 3 , 162
562 , 189.33781433 , 28.208150863 , 5115 , 40 , 5 , 117
563 , 189.37733459 , 9.555070877 , 3031 , 40 , 3 , 460
564 , 189.48098754 , 34.022319793 , 4552 , 40 , 1 , 125
565 , 189.57446289 , 13.109902381 , 3836 , 41 , 5 , 271
566 , 190.04971313 , 8.3837327957 , 3841 , 41 , 6 , 168
567 , 190.23869323 , 63.519599914 , 2304 , 41 , 6 , 213
568 , 190.38645935 , 7.3148851394 , 3842 , 41 , 3 , 62
569 , 190.67776489 , 55.145526886 , 3130 , 40 , 4 , 40
570 , 190.71937561 , 55.145805358 , 3130 , 40 , 4 , 40
571 , 190.78193664 , 12.051184654 , 3805 , 41 , 3 , 24
572 , 190.93988037 , 10.769927978 , 3903 , 41 , 5 , 65
573 , 190.98814392 , 40.72958374 , 3900 , 41 , 6 , 405
574 , 191.13539123 , 56.15019226 , 3712 , 40 , 1 , 112
575 , 191.38284301 , 54.737598419 , 3130 , 40 , 3 , 43
576 , 191.50357055 , 64.569351196 , 2078 , 40 , 3 , 121
577 , 191.54211425 , 30.731916427 , 4649 , 40 , 6 , 63
578 , 191.66616821 , 54.534244537 , 3103 , 40 , 3 , 182
579 , 191.92485046 , 26.981616973 , 5087 , 40 , 3 , 257
580 , 192.19111633 , 35.332702636 , 4576 , 40 , 5 , 487
581 , 192.90820312 , 31.352762222 , 4599 , 40 , 1 , 146
582 , 192.97976684 , 12.083538055 , 3805 , 41 , 3 , 39
583 , 193.46180725 , 9.7100667953 , 3903 , 41 , 3 , 82
584 , 193.5103302 , 29.603607177 , 5071 , 40 , 3 , 496
585 , 193.68145752 , 58.776416778 , 2989 , 40 , 1 , 72
586 , 193.76190185 , 8.0655469894 , 3842 , 41 , 5 , 84
587 , 193.97625732 , 63.611618042 , 2078 , 40 , 1 , 129
588 , 194.0506134 , 27.745475769 , 5087 , 40 , 5 , 269
589 , 194.38313293 , 28.476938247 , 4649 , 40 , 1 , 81
590 , 194.44869995 , 36.37071228 , 4470 , 40 , 2 , 67
591 , 194.75761413 , 26.815662384 , 5087 , 40 , 3 , 274
592 , 194.89878845 , 27.95926094 , 5115 , 40 , 5 , 150
593 , 194.91574096 , 53.34116745 , 3103 , 40 , 1 , 196
594 , 195.01469421 , 26.89811325 , 5087 , 40 , 3 , 275
595 , 195.07469177 , 28.20239067 , 5115 , 40 , 6 , 151
596 , 195.12681579 , 48.308452606 , 3650 , 40 , 1 , 54
597 , 195.38999939 , 29.130594253 , 4646 , 40 , 2 , 22
598 , 195.43072509 , 29.044656753 , 4646 , 40 , 2 , 22
599 , 195.75364685 , 28.032474517 , 5087 , 40 , 6 , 279
600 , 195.95811462 , 28.185728073 , 5115 , 40 , 6 , 156
601 , 196.24325561 , 29.122240066 , 4649 , 40 , 3 , 91
602 , 196.25393676 , 35.178031921 , 4552 , 40 , 5 , 162
603 , 196.44818115 , 27.734138488 , 5115 , 40 , 5 , 159
604 , 196.96052551 , 18.415493011 , 5314 , 40 , 1 , 131
605 , 197.13157653 , 24.700765609 , 5224 , 40 , 4 , 281
606 , 197.15647888 , 54.074371337 , 3103 , 40 , 3 , 204
607 , 197.19377136 , 62.271694183 , 2304 , 41 , 4 , 235
608 , 197.44786071 , 28.906942367 , 4646 , 40 , 2 , 34
609 , 197.58390808 , 32.483188629 , 4623 , 40 , 5 , 241
610 , 197.79722595 , 43.726329803 , 3813 , 41 , 2 , 289
611 , 198.02783203 , 24.095010757 , 5224 , 40 , 3 , 287
612 , 198.15663147 , 47.063278198 , 3716 , 42 , 4 , 98
613 , 198.75381469 , 12.725263595 , 3805 , 41 , 5 , 76
614 , 199.05134582 , 30.950309753 , 4623 , 40 , 2 , 251
615 , 199.07011413 , 25.405216217 , 5116 , 40 , 6 , 187
616 , 199.11569213 , 31.031492233 , 4623 , 40 , 2 , 251
617 , 199.78430175 , 28.506917953 , 4649 , 40 , 2 , 112
618 , 199.98477172 , 15.850525856 , 5360 , 40 , 1 , 351
619 , 200.00396728 , 31.981395721 , 4599 , 40 , 4 , 186
620 , 200.93757629 , 31.565752029 , 4623 , 40 , 4 , 261
621 , 201.00294494 , 9.7101917266 , 3909 , 40 , 4 , 38
622 , 201.0417633 , 13.976540565 , 4381 , 40 , 2 , 199
623 , 201.72473144 , 32.193206787 , 4599 , 40 , 5 , 195
624 , 201.82020568 , 32.030712127 , 4599 , 40 , 5 , 196
625 , 201.87823486 , 20.880947113 , 5194 , 40 , 2 , 569
626 , 202.04187011 , 46.672115325 , 3699 , 41 , 5 , 99
627 , 202.06292724 , 32.03224945 , 4599 , 40 , 5 , 197
628 , 202.1382904 , 46.927188873 , 3716 , 42 , 5 , 116
629 , 202.16322326 , 11.387036323 , 3836 , 41 , 2 , 353
630 , 202.51487731 , 62.511562347 , 2304 , 41 , 6 , 251
631 , 202.54743957 , 46.670722961 , 3699 , 41 , 5 , 101
632 , 202.60824585 , 31.620794296 , 4599 , 40 , 4 , 201
633 , 203.0287323 , 62.70066452 , 2078 , 40 , 1 , 157
634 , 203.0432434 , 62.767730712 , 2078 , 40 , 1 , 157
635 , 203.05827331 , 13.89237976 , 3971 , 40 , 3 , 31
636 , 203.11637878 , 7.3164477348 , 3841 , 41 , 4 , 254
637 , 203.20518493 , 7.1700868606 , 3841 , 41 , 4 , 255
638 , 203.3709259 , 33.042373657 , 4552 , 40 , 2 , 203
639 , 203.60507202 , 34.690429687 , 4552 , 40 , 6 , 202
640 , 203.67922973 , 9.3368749618 , 3903 , 41 , 3 , 149
641 , 203.73310852 , 13.742153167 , 4381 , 40 , 2 , 216
642 , 203.74052429 , 38.457500457 , 4382 , 40 , 3 , 89
643 , 203.80558776 , 34.677429199 , 4552 , 40 , 6 , 203
644 , 203.97998046 , 35.588249206 , 4470 , 40 , 3 , 119
645 , 204.00505065 , 49.960834503 , 3918 , 41 , 1 , 87
646 , 204.03059387 , 51.235816955 , 3918 , 41 , 4 , 85
647 , 204.17517089 , 34.746265411 , 4470 , 40 , 1 , 121
648 , 204.40623474 , 15.972229003 , 5390 , 40 , 2 , 202
649 , 204.7230072 , 14.743833541 , 3971 , 40 , 5 , 41
650 , 204.98187255 , 28.400770187 , 4646 , 40 , 3 , 78
651 , 205.16651916 , 38.794090271 , 3900 , 41 , 5 , 479
652 , 205.32189941 , 33.772613525 , 4576 , 40 , 5 , 560
653 , 206.28630065 , 41.50339508 , 3919 , 40 , 6 , 32
654 , 206.75181579 , 60.97315216 , 2304 , 41 , 4 , 267
655 , 206.95271301 , 40.488536834 , 3919 , 40 , 4 , 37
656 , 206.98225402 , 37.826328277 , 4382 , 40 , 3 , 106
657 , 207.16247558 , 43.412452697 , 3818 , 41 , 5 , 275
658 , 207.30854797 , 35.257572174 , 4512 , 40 , 3 , 68
659 , 207.58491516 , 41.366218566 , 3893 , 41 , 6 , 287
660 , 207.65007019 , 33.704826355 , 4552 , 40 , 5 , 225
661 , 207.68069458 , 39.706768035 , 3893 , 41 , 2 , 290
662 , 207.71125793 , 39.574859619 , 3893 , 41 , 2 , 291
663 , 207.87861633 , 14.092210769 , 4381 , 40 , 4 , 243
664 , 208.02778625 , 38.067020416 , 4382 , 40 , 4 , 111
665 , 208.09477233 , 21.539352417 , 5183 , 40 , 5 , 492
666 , 208.24034118 , 20.917009353 , 5194 , 40 , 4 , 608
667 , 208.3046875 , 37.883144378 , 4382 , 40 , 4 , 113
668 , 208.30931091 , 38.227149963 , 3900 , 41 , 5 , 496
669 , 208.32411193 , 33.490844726 , 4570 , 40 , 5 , 11
670 , 208.34010314 , 40.363941192 , 3893 , 41 , 4 , 292
671 , 208.3613739 , 40.283176422 , 3919 , 40 , 4 , 45
672 , 208.81689453 , 59.50661087 , 2326 , 41 , 2 , 144
673 , 208.89300537 , 59.742797851 , 2304 , 41 , 2 , 276
674 , 209.01417541 , 13.505839347 , 3971 , 40 , 3 , 70
675 , 209.01853942 , 38.30418396 , 4382 , 40 , 5 , 116
676 , 209.21255493 , 37.797237396 , 4382 , 40 , 4 , 118
677 , 209.31425476 , 24.257570266 , 4674 , 40 , 1 , 45
678 , 209.4948883 , 7.1617298126 , 3905 , 40 , 4 , 65
679 , 209.56915283 , 59.814567565 , 2326 , 41 , 3 , 146
680 , 209.63833618 , 37.453643798 , 3900 , 41 , 4 , 504
681 , 209.66090393 , 7.2165060043 , 3905 , 40 , 4 , 66
682 , 209.76167297 , 15.565731048 , 5326 , 40 , 3 , 66
683 , 209.93096923 , 36.238117218 , 4002 , 40 , 1 , 24
684 , 210.08383178 , 38.915424346 , 3919 , 40 , 2 , 56
685 , 210.19865417 , 48.443847656 , 3838 , 41 , 1 , 84
686 , 210.42544555 , 33.82149887 , 4512 , 40 , 1 , 87
687 , 210.44200134 , 9.4902801513 , 3909 , 40 , 5 , 100
688 , 210.49029541 , 46.311901092 , 3650 , 40 , 2 , 124
689 , 210.4968872 , 8.9376926422 , 3903 , 41 , 3 , 194
690 , 210.54916381 , 55.814029693 , 3712 , 40 , 6 , 183
691 , 210.55432128 , 8.0370988845 , 3903 , 41 , 1 , 195
692 , 210.65032959 , 32.510456085 , 4570 , 40 , 4 , 25
693 , 210.65144348 , 34.855682373 , 4470 , 40 , 4 , 155
694 , 210.67971801 , 39.168418884 , 3919 , 40 , 3 , 58
695 , 210.70259094 , 9.3413763046 , 3903 , 41 , 4 , 195
696 , 210.70845031 , 49.172657012 , 3838 , 41 , 3 , 85
697 , 210.83428955 , 60.990200042 , 2326 , 41 , 6 , 147
698 , 210.8505249 , 35.132099151 , 4470 , 40 , 5 , 156
699 , 210.86294555 , 9.4672832489 , 3909 , 40 , 5 , 103
700 , 210.8812561 , 35.025314331 , 4512 , 40 , 4 , 87
701 , 210.92124939 , 9.5735006332 , 3909 , 40 , 5 , 103
702 , 210.94650268 , 35.741680145 , 4512 , 40 , 6 , 86
703 , 211.18013 , 54.892623901 , 3705 , 40 , 4 , 93
704 , 211.19044494 , 14.382040023 , 3971 , 40 , 6 , 83
705 , 211.30172729 , 55.74186325 , 3705 , 40 , 6 , 91
706 , 211.36984252 , 34.92198944 , 4512 , 40 , 4 , 90
707 , 211.58990478 , 50.725063324 , 3177 , 40 , 1 , 55
708 , 211.79728698 , 55.001647949 , 3712 , 40 , 5 , 189
709 , 212.12789917 , 8.9319067001 , 3909 , 40 , 4 , 111
710 , 212.48872375 , 17.545545578 , 5314 , 40 , 3 , 230
711 , 212.51286315 , 54.21830368 , 3705 , 40 , 3 , 99
712 , 212.64682006 , 19.612232208 , 5183 , 40 , 2 , 522
713 , 212.64962768 , 59.357990264 , 2304 , 41 , 3 , 289
714 , 212.68940734 , 15.209404945 , 5326 , 40 , 3 , 85
715 , 213.09504699 , 50.348419189 , 3177 , 40 , 1 , 62
716 , 213.2859497 , 20.416273117 , 5183 , 40 , 4 , 525
717 , 213.55580139 , 15.622396469 , 5326 , 40 , 4 , 90
718 , 213.56153869 , 35.423660278 , 4002 , 40 , 1 , 45
719 , 213.58694458 , 7.5159015655 , 2391 , 40 , 6 , 43
720 , 213.70986938 , 15.146886825 , 5326 , 40 , 3 , 91
721 , 213.71682739 , 14.125867843 , 3971 , 40 , 6 , 100
722 , 213.79893493 , 15.742083549 , 5322 , 40 , 4 , 29
723 , 213.91343689 , 14.282617569 , 3996 , 40 , 6 , 64
724 , 214.03225708 , 35.343830108 , 4002 , 40 , 1 , 47
725 , 214.12956237 , 57.81016922 , 3225 , 40 , 6 , 51
726 , 214.22062683 , 10.807416915 , 3836 , 41 , 3 , 432
727 , 214.53845214 , 7.5645456314 , 2391 , 40 , 6 , 49
728 , 214.59429931 , 11.195155143 , 3836 , 41 , 4 , 434
729 , 214.60717773 , 36.493564605 , 4002 , 40 , 4 , 48
730 , 214.66171264 , 7.3773379325 , 2391 , 40 , 6 , 50
731 , 214.69911193 , 24.940528869 , 4674 , 40 , 5 , 76
732 , 214.80326843 , 24.79873085 , 4674 , 40 , 5 , 77
733 , 215.19218444 , 21.935747146 , 4678 , 40 , 3 , 92
734 , 215.41003418 , 35.204864502 , 3900 , 41 , 2 , 538
735 , 215.49955749 , 11.10012722 , 3836 , 41 , 4 , 440
736 , 215.54463195 , 13.91806221 , 3971 , 40 , 6 , 112
737 , 215.57847595 , 50.501358032 , 3177 , 40 , 3 , 71
738 , 215.61782836 , 40.319816589 , 3818 , 41 , 3 , 322
739 , 216.01989746 , 33.047401428 , 4007 , 40 , 3 , 69
740 , 216.03161621 , 34.858852386 , 3900 , 41 , 2 , 542
741 , 216.08624267 , 36.461421966 , 4002 , 40 , 5 , 56
742 , 216.09558105 , 24.61412239 , 4674 , 40 , 5 , 85
743 , 216.55082702 , 48.563980102 , 3838 , 41 , 5 , 110
744 , 216.63871765 , 56.582614898 , 3225 , 40 , 5 , 63
745 , 216.74377441 , 31.517024993 , 4570 , 40 , 5 , 60
746 , 216.78607177 , 33.252525329 , 4007 , 40 , 4 , 73
747 , 216.79310607 , 35.921672821 , 4002 , 40 , 4 , 60
748 , 216.86827087 , 46.146575927 , 2964 , 40 , 5 , 465
749 , 216.90254211 , 41.257755279 , 3818 , 41 , 6 , 325
750 , 217.13227844 , 27.409004211 , 4588 , 40 , 1 , 76
751 , 217.15371704 , 38.999149322 , 3893 , 41 , 6 , 338
752 , 217.30618286 , 30.026447296 , 4570 , 40 , 2 , 66
753 , 217.60629272 , 35.321029663 , 3900 , 41 , 4 , 549
754 , 217.68164062 , 29.180820465 , 4623 , 40 , 6 , 359
755 , 217.77555847 , 25.355112075 , 4646 , 40 , 2 , 157
756 , 218.10725402 , 8.0786418914 , 3909 , 40 , 3 , 151
757 , 218.16600036 , 36.302230835 , 3919 , 40 , 1 , 102
758 , 218.68740844 , 48.670230865 , 3177 , 40 , 1 , 89
759 , 218.71833801 , 54.475852966 , 3184 , 40 , 2 , 20
760 , 218.87376403 , 48.741638183 , 3180 , 40 , 1 , 95
761 , 218.95898437 , 36.543231964 , 3919 , 40 , 2 , 105
762 , 219.03857421 , 21.793516159 , 4678 , 40 , 5 , 116
763 , 219.54798889 , 46.638233184 , 3838 , 41 , 3 , 128
764 , 219.63867187 , 50.815242767 , 3180 , 40 , 6 , 91
765 , 219.74645996 , 51.120677948 , 3705 , 40 , 1 , 135
766 , 219.96734619 , 42.742336273 , 3699 , 41 , 6 , 188
767 , 220.03839111 , 42.779529571 , 3699 , 41 , 6 , 188
768 , 220.16230773 , 38.637821197 , 3813 , 41 , 2 , 406
769 , 220.38345336 , 44.512771606 , 2964 , 40 , 4 , 485
770 , 220.62045288 , 41.84235382 , 3716 , 42 , 4 , 210
771 , 220.63850402 , 28.726453781 , 4570 , 40 , 1 , 87
772 , 221.05076599 , 7.9496436119 , 3903 , 41 , 3 , 264
773 , 221.59060668 , 32.780216217 , 4512 , 40 , 6 , 148
774 , 222.11148071 , 34.998058319 , 3919 , 40 , 1 , 125
775 , 222.25494384 , 42.463928222 , 2964 , 40 , 1 , 499
776 , 222.27488708 , 22.198163986 , 4674 , 40 , 3 , 126
777 , 222.91201782 , 40.599163055 , 3716 , 42 , 3 , 224
778 , 223.56854248 , 42.557903289 , 3664 , 40 , 3 , 86
779 , 223.7877655 , 43.818580627 , 2964 , 40 , 5 , 501
780 , 224.10020446 , 49.696174621 , 3712 , 40 , 2 , 250
781 , 224.15066528 , 9.3697443008 , 3894 , 40 , 3 , 136
782 , 224.29685974 , 52.346046447 , 3184 , 40 , 2 , 46
783 , 225.38526916 , 48.319702148 , 3180 , 40 , 5 , 121
784 , 225.67501831 , 23.333620071 , 4649 , 40 , 3 , 271
785 , 226.65238952 , 9.4384403228 , 3894 , 40 , 4 , 152
786 , 226.67404174 , 23.641921997 , 4646 , 40 , 4 , 212
787 , 227.38154602 , 54.506477356 , 2326 , 41 , 3 , 219
788 , 227.67134094 , 55.349281311 , 2326 , 41 , 5 , 217
789 , 228.28071594 , 41.264629364 , 2964 , 40 , 4 , 529
790 , 228.56312561 , 20.478654861 , 4670 , 40 , 3 , 204
791 , 229.17996215 , 55.409572601 , 2299 , 41 , 6 , 211
792 , 231.27416992 , 37.960166931 , 3723 , 40 , 5 , 47
793 , 231.31854248 , 53.40706253 , 2299 , 41 , 4 , 226
794 , 231.51197814 , 18.07364273 , 4678 , 40 , 4 , 198
795 , 231.53312683 , 41.676063537 , 3918 , 41 , 3 , 225
796 , 232.05320739 , 42.929904937 , 3180 , 40 , 1 , 167
797 , 232.46104431 , 42.628917694 , 3964 , 41 , 6 , 125
798 , 233.21644592 , 41.191467285 , 3964 , 41 , 4 , 133
799 , 233.42945861 , 15.007249832 , 5194 , 40 , 3 , 773
800 , 233.61221313 , 12.270179748 , 5326 , 40 , 5 , 222
801 , 233.63494873 , 15.193780899 , 5183 , 40 , 3 , 659
802 , 233.73835754 , 23.503681182 , 4671 , 40 , 5 , 33
803 , 233.84672546 , 12.047592163 , 5322 , 40 , 4 , 161
804 , 233.90374755 , 56.461688995 , 1412 , 40 , 1 , 333
805 , 233.91529846 , 12.606393814 , 5317 , 40 , 2 , 71
806 , 233.96711731 , 39.768901825 , 3918 , 41 , 2 , 243
807 , 234.17567443 , 43.539318084 , 3180 , 40 , 4 , 173
808 , 234.3454895 , 20.549818038 , 4646 , 40 , 3 , 263
809 , 234.98898315 , 58.079513549 , 2206 , 40 , 5 , 99
810 , 235.37684631 , 15.787686348 , 5323 , 40 , 2 , 48
811 , 237.17250061 , 21.869756698 , 4633 , 40 , 5 , 66
812 , 237.23799133 , 7.2220940589 , 3836 , 41 , 2 , 586
813 , 237.59466552 , 18.939273834 , 4649 , 40 , 3 , 351
814 , 238.93025207 , 47.867259979 , 2299 , 41 , 2 , 275
815 , 239.28390502 , 22.404581069 , 4576 , 40 , 4 , 773
816 , 239.37785339 , 15.956046104 , 4678 , 40 , 5 , 250
817 , 239.6347351 , 17.441457748 , 4674 , 40 , 5 , 239
818 , 239.76234436 , 51.304695129 , 2248 , 40 , 4 , 69
819 , 239.80224609 , 20.763359069 , 4633 , 40 , 5 , 84
820 , 240.75468444 , 20.955924987 , 4570 , 40 , 2 , 219
821 , 241.46662902 , 21.484912872 , 4570 , 40 , 4 , 222
822 , 241.66741943 , 30.099069595 , 3926 , 41 , 2 , 110
823 , 241.80413818 , 7.9789910316 , 3972 , 40 , 3 , 120
824 , 242.64311218 , 10.040367126 , 5326 , 40 , 5 , 283
825 , 242.78132629 , 38.251296997 , 3180 , 40 , 5 , 229
826 , 243.23690795 , 9.867105484 , 5326 , 40 , 5 , 287
827 , 243.87023925 , 18.904727935 , 6104 , 40 , 5 , 45
828 , 244.33801269 , 59.320129394 , 4682 , 40 , 5 , 84
829 , 244.79806518 , 57.984138488 , 4682 , 40 , 4 , 92
830 , 244.86917114 , 7.2787470817 , 3972 , 40 , 3 , 141
831 , 245.91183471 , 11.78623867 , 5330 , 40 , 4 , 114
832 , 246.29304504 , 40.892868042 , 3225 , 40 , 5 , 228
833 , 246.37701416 , 49.840259552 , 1453 , 40 , 4 , 30
834 , 246.45796203 , 16.576063156 , 4633 , 40 , 3 , 134
835 , 246.45819091 , 40.488727569 , 3226 , 40 , 5 , 93
836 , 246.53471374 , 48.366794586 , 2207 , 40 , 3 , 33
837 , 246.69451904 , 11.580268859 , 5194 , 40 , 5 , 862
838 , 246.76239013 , 16.382230758 , 4633 , 40 , 3 , 136
839 , 247.16308593 , 39.552833557 , 3225 , 40 , 4 , 238
840 , 247.4369812 , 40.811656951 , 2305 , 40 , 2 , 45
841 , 247.83680725 , 20.185638427 , 3900 , 41 , 2 , 753
842 , 248.60617065 , 21.540904998 , 3927 , 40 , 2 , 151
843 , 255.06076049 , 23.106344223 , 3918 , 41 , 2 , 406
844 , 255.20968627 , 23.011039733 , 3918 , 41 , 2 , 407
845 , 256.22091674 , 41.865489959 , 4011 , 40 , 4 , 176
846 , 256.27322387 , 43.04315567 , 4679 , 40 , 5 , 174
847 , 256.71884155 , 43.122211456 , 4682 , 40 , 2 , 203
848 , 256.98950195 , 60.990158081 , 1336 , 40 , 4 , 38
849 , 257.13644409 , 42.339122772 , 4682 , 40 , 2 , 208
850 , 258.16131591 , 23.270082473 , 3177 , 40 , 5 , 356
851 , 258.84573364 , 57.411190033 , 1336 , 40 , 3 , 62
852 , 259.19885253 , 61.920120239 , 1359 , 40 , 2 , 46
853 , 259.67117309 , 60.608158111 , 1356 , 40 , 1 , 56
854 , 259.68218994 , 58.135120391 , 1339 , 40 , 5 , 59
855 , 259.72607421 , 29.855968475 , 2248 , 40 , 4 , 243
856 , 260.94702148 , 26.486522674 , 2335 , 40 , 2 , 140
857 , 262.58926391 , 59.639892578 , 1356 , 40 , 4 , 64
858 , 263.52682495 , 25.343969345 , 4828 , 648 , 1 , 102
859 , 263.88687133 , 60.813404083 , 2582 , 40 , 1 , 188
860 , 265.91082763 , 25.493938446 , 4828 , 648 , 3 , 115
861 , 266.59133911 , 26.543800354 , 4828 , 648 , 6 , 117
862 , 267.15725708 , 51.153800964 , 2574 , 40 , 6 , 101
863 , 267.82485961 , 59.470874786 , 2582 , 40 , 5 , 199
864 , 269.35498046 , 50.728122711 , 2582 , 40 , 4 , 258
865 , 276.19274902 , 41.492736816 , 5416 , 648 , 2 , 115
866 , 277.64874267 , 42.692695617 , 5403 , 648 , 6 , 119
867 , 286.40454101 , 63.934108734 , 6123 , 648 , 5 , 92
868 , 303.91607666 , -13.62200737 , 5421 , 648 , 1 , 203
869 , 309.09780883 , -4.618738651 , 1737 , 40 , 6 , 11
870 , 309.75250244 , -4.9725461 , 1659 , 40 , 5 , 30
871 , 313.14764404 , -5.711122512 , 1737 , 40 , 5 , 39
872 , 313.86508178 , -1.225244045 , 2583 , 40 , 1 , 73
873 , 316.92224121 , 3.8716115951 , 5655 , 648 , 1 , 69
874 , 316.9472351 , 16.335895538 , 4879 , 648 , 1 , 101
875 , 317.96676635 , 11.276144027 , 2566 , 40 , 6 , 34
876 , 319.11520385 , -0.826492071 , 2583 , 40 , 2 , 108
877 , 319.64755249 , 19.718721389 , 6177 , 648 , 2 , 253
878 , 321.49987793 , -3.80896306 , 4832 , 40 , 2 , 507
879 , 321.55981445 , 9.7979049682 , 2566 , 40 , 1 , 56
880 , 325.55291748 , 5.6153702735 , 5640 , 648 , 3 , 133
881 , 330.87890625 , 12.636781692 , 2566 , 40 , 4 , 119
882 , 333.68746948 , 13.846517562 , 2566 , 40 , 6 , 138
883 , 333.69534301 , 13.840869903 , 2566 , 40 , 6 , 138
884 , 334.72058105 , -1.058681726 , 3388 , 40 , 1 , 151
885 , 337.38522338 , 7.726023674 , 5640 , 648 , 6 , 212
886 , 338.52832031 , 5.570323944 , 5655 , 648 , 1 , 213
887 , 339.11676025 , 21.621765136 , 4836 , 648 , 1 , 236
888 , 339.62258911 , 35.32969284 , 6182 , 648 , 5 , 250
889 , 341.10153198 , -0.162099644 , 2662 , 40 , 3 , 156
890 , 341.85443115 , 31.373519897 , 6182 , 648 , 4 , 279
891 , 343.15985107 , 6.0936236381 , 5640 , 648 , 1 , 250
892 , 344.21200561 , -8.967535972 , 1659 , 40 , 4 , 260
893 , 344.48977661 , 26.150003433 , 6354 , 648 , 2 , 150
894 , 344.58166503 , 26.061937332 , 6354 , 648 , 2 , 151
895 , 345.32785034 , 14.33957386 , 2566 , 40 , 4 , 214
896 , 345.51443481 , 27.052595138 , 6354 , 648 , 5 , 148
897 , 346.32849121 , 0.1895104944 , 3325 , 41 , 4 , 16
898 , 346.88623046 , 22.998090744 , 6354 , 648 , 3 , 176
899 , 348.55496215 , 13.426376342 , 1739 , 40 , 1 , 228
900 , 348.81695556 , 18.961452484 , 6366 , 648 , 3 , 128
901 , 348.82196044 , 19.041788101 , 6366 , 648 , 3 , 127
902 , 348.98303222 , 13.196122169 , 2566 , 40 , 1 , 237
903 , 348.98956298 , 6.6875419616 , 5636 , 40 , 2 , 48
904 , 349.56774902 , 6.5857944488 , 5598 , 40 , 2 , 46
905 , 349.71902465 , 6.8769135475 , 5598 , 40 , 3 , 47
906 , 349.79849243 , 8.1094579696 , 5598 , 40 , 6 , 48
907 , 349.81378173 , 8.3500919342 , 5636 , 40 , 6 , 54
908 , 349.90249633 , 8.0633506774 , 5636 , 40 , 5 , 55
909 , 350.01153564 , 15.952785491 , 6366 , 648 , 2 , 149
910 , 350.05307006 , 7.9321985244 , 5636 , 40 , 5 , 56
911 , 350.06048584 , 8.2062444686 , 5598 , 40 , 6 , 50
912 , 350.12503051 , 8.3957691192 , 5636 , 40 , 6 , 56
913 , 350.12557983 , 17.225564956 , 6354 , 648 , 3 , 219
914 , 350.36114502 , 8.217628479 , 5598 , 40 , 6 , 52
915 , 351.20565795 , 15.275601387 , 1739 , 40 , 5 , 246
916 , 351.8305664 , 12.467409133 , 6371 , 40 , 2 , 39
917 , 352.26593017 , 11.445168495 , 6371 , 40 , 2 , 46
918 , 352.55685424 , 15.761019706 , 1739 , 40 , 6 , 255
919 , 352.63348388 , 0.081065081 , 3325 , 41 , 4 , 59
920 , 353.1017456 , 15.847854614 , 1739 , 40 , 6 , 258
921 , 353.12484741 , 14.816839218 , 2566 , 40 , 4 , 264
922 , 353.85873413 , 7.3220982551 , 5636 , 40 , 3 , 81
923 , 353.9140625 , 15.30196762 , 2566 , 40 , 5 , 269
924 , 354.13104248 , 0.2972719967 , 2662 , 40 , 4 , 243
925 , 354.67169189 , 15.954636573 , 1739 , 40 , 6 , 268
926 , 354.85003662 , 10.850049972 , 6354 , 648 , 6 , 271
927 , 356.00857543 , 0.5166217088 , 3325 , 41 , 5 , 81
928 , 356.29251098 , 7.0421099662 , 5598 , 40 , 3 , 91
929 , 357.77606201 , 1.0567046403 , 2662 , 40 , 6 , 268
930 , 357.96121215 , 3.0827524662 , 6372 , 40 , 5 , 40
931 , 358.47451782 , 7.9705967903 , 5598 , 40 , 5 , 105
932 , 358.54199218 , 0.3828607201 , 2662 , 40 , 4 , 273
933 , 359.03259277 , 0.5494840741 , 3325 , 41 , 5 , 101
934 , 359.19802856 , 1.355187416 , 6371 , 40 , 6 , 127
935 , 359.34967041 , 30.992071151 , 4152 , 648 , 2 , 86
936 , 359.79501342 , -4.191600799 , 6361 , 40 , 2 , 22
937 , 359.9031372 , 14.806956291 , 1739 , 40 , 3 , 302
938 , 232.65246582 , 42.717159271 , 3180 , 40 , 1 , 170
939 , 191.54684448 , 30.722743988 , 4649 , 40 , 6 , 63
